TREELET 0 1322349
BOUNDS [ [ -1000, -1000, -1140 ] - [ 1000, 1000, 860 ] ]
BVH BOUNDS  [ [ -1000, -1000, -1140 ] - [ 1000, 1000, 860 ] ] [ [ -1000, -1000, -1140 ] - [ 1000, 1000, 860 ] ] [ [ -28.7635193, -200.226105, -140.210709 ] - [ 261.067047, 262.9245, -49.0097084 ] ] [ [ -400, -1000, -1140 ] - [ -400, 1000, 860 ] ] [ [ -1000, -1000, -140.210709 ] - [ 1000, 1000, -58.9206886 ] ] [ [ -28.7635193, -200.226105, -140.210709 ] - [ 261.067047, 103.314453, -49.0097084 ] ] NULL  NULL  NULL  [ [ -1000, -1000, -140 ] - [ 1000, 1000, -140 ] ] [ [ -119.838409, 31.6054764, -140.210709 ] - [ 26.648613, 257.052063, -58.9206886 ] ] [ [ -28.7635193, -200.226105, -140.210709 ] - [ 261.067047, 103.314453, -49.0097084 ] ] [ [ 22.4600906, 65.1683731, -140.210709 ] - [ 101.475647, 98.3244781, -60.5081329 ] ] NULL  NULL 
CHILD 1 2
INSTANCE 3
TREELET 1 2190759
BOUNDS [ [ -94.6692047, 180.26033, -140.210709 ] - [ 26.095829, 257.052063, -58.9206886 ] ]
BVH BOUNDS  [ [ -94.6692047, 180.26033, -140.210709 ] - [ 26.095829, 257.052063, -58.9206886 ] ] [ [ -94.6692047, 180.26033, -139.088425 ] - [ -12.5101643, 242.238617, -60.7759171 ] ] [ [ -16.507, 180.80307, -140.210709 ] - [ 26.095829, 257.052063, -58.9206886 ] ] [ [ -94.6692047, 180.26033, -96.8638 ] - [ -32.0297775, 225.702148, -70.3357468 ] ] [ [ -35.62957, 202.390244, -139.088425 ] - [ -12.5101643, 242.238617, -60.7759171 ] ] [ [ -15.9469414, 181.070343, -140.210709 ] - [ 24.9802704, 251.782104, -105.165253 ] ] [ [ -16.507, 180.80307, -108.294922 ] - [ 26.095829, 257.052063, -58.9206886 ] ] [ [ -94.6692047, 180.26033, -96.8638 ] - [ -50.9208145, 208.592712, -80.9839249 ] ] [ [ -55.2373505, 192.955673, -96.8638 ] - [ -32.0297775, 225.702148, -70.3357468 ] ] [ [ -29.0044155, 207.600967, -139.088425 ] - [ -12.5101643, 242.238617, -98.9140167 ] ] [ [ -35.62957, 202.390244, -101.810509 ] - [ -12.6567478, 241.963898, -60.7759171 ] ] [ [ -15.9220295, 181.070343, -140.210709 ] - [ 24.9756584, 226.620453, -105.165253 ] ] [ [ -15.9469414, 228.794144, -140.185913 ] - [ 24.9802704, 251.782104, -105.171669 ] ] [ [ -16.507, 180.80307, -108.294922 ] - [ 26.095829, 226.697739, -60.5081329 ] ] [ [ -15.7745905, 224.714432, -108.294922 ] - [ 25.4281845, 257.052063, -58.9206886 ] ]
CHILD
INSTANCE
TREELET 2 2407751
BOUNDS [ [ 22.3192101, 95.7983398, -140.210709 ] - [ 127.656296, 262.9245, -49.0097084 ] ]
BVH BOUNDS  [ [ 22.3192101, 95.7983398, -140.210709 ] - [ 127.656296, 262.9245, -49.0097084 ] ] [ [ 22.3192101, 95.7983398, -140.210709 ] - [ 127.656296, 180.640564, -49.0097084 ] ] [ [ 23.5494385, 179.313889, -140.083984 ] - [ 77.6562958, 262.9245, -49.0097084 ] ] [ [ 22.3192101, 95.7983398, -140.210709 ] - [ 77.1363068, 180.640564, -56.7698746 ] ] [ [ 75.0362701, 96.1973495, -112.611145 ] - [ 127.656296, 176.32196, -49.0097084 ] ] [ [ 23.5494385, 179.500214, -140.083984 ] - [ 56.7930527, 252.456894, -77.9200287 ] ] [ [ 23.5841026, 179.313889, -80.8652878 ] - [ 77.6562958, 262.9245, -49.0097084 ] ] [ [ 23.1044292, 96.0873871, -140.210709 ] - [ 75.9620819, 180.359085, -104.242599 ] ] [ [ 22.3192101, 95.7983398, -106.999924 ] - [ 77.1363068, 180.640564, -56.7698746 ] ] NULL  NULL  [ [ 23.5494385, 179.500214, -140.083984 ] - [ 56.7930527, 204.918793, -77.9200287 ] ] [ [ 23.9035454, 203.278549, -112.611145 ] - [ 55.5717545, 252.456894, -78.2759094 ] ] NULL  NULL 
CHILD 5 6 7 8 9
INSTANCE
TREELET 3 2254609
BOUNDS [ [ -35.8374138, -245.735748, -140.421417 ] - [ 35.9968071, 151.185623, 41.9805832 ] ]
BVH BOUNDS  [ [ -35.8374138, -245.735748, -140.421417 ] - [ 35.9968071, 151.185623, 41.9805832 ] ] [ [ -35.8374138, -245.735748, -140.421417 ] - [ 35.9968071, 54.2530937, 18.9837379 ] ] [ [ -33.8299675, 49.5283623, -85.22229 ] - [ 33.8851357, 151.185623, 41.9805832 ] ] [ [ -31.8374348, -245.735748, -97.8479462 ] - [ 31.3839169, -18.6251774, 12.3975 ] ] [ [ -35.8374138, -25.8855953, -140.421417 ] - [ 35.9968071, 54.2530937, 18.9837379 ] ] [ [ -33.8299675, 49.5283623, -85.22229 ] - [ 33.8851357, 110.353043, -9.43497276 ] ] [ [ -21.0361099, 50.1278343, -13.3009033 ] - [ 21.0190983, 151.185623, 41.9805832 ] ] [ [ -12.8900728, -245.735748, -53.7276077 ] - [ 12.9276896, -74.1402893, -18.3662453 ] ] [ [ -31.8374348, -82.9249115, -97.8479462 ] - [ 31.3839169, -18.6251774, 12.3975 ] ] [ [ -35.8374138, -24.5731983, -140.421417 ] - [ 35.9968071, 44.3851852, -70.9184875 ] ] [ [ -35.414875, -25.8855953, -77.1150131 ] - [ 35.2570801, 54.2530937, 18.9837379 ] ] [ [ -24.1715584, 58.2949524, -85.22229 ] - [ 24.6505718, 79.9368896, -59.0458603 ] ] [ [ -33.8299675, 49.5283623, -61.7265282 ] - [ 33.8851357, 110.353043, -9.43497276 ] ] [ [ -21.0361099, 50.1278343, -13.3009033 ] - [ 21.0190983, 102.586082, 35.0764999 ] ] NULL 
CHILD 4
INSTANCE
TREELET 4 1490438
BOUNDS [ [ -14.998908, 100.525002, -11.9534693 ] - [ 14.9539204, 151.185623, 41.9805832 ] ]
BVH BOUNDS  [ [ -14.998908, 100.525002, -11.9534693 ] - [ 14.9539204, 151.185623, 41.9805832 ] ] [ [ -14.998908, 100.525002, -11.9534693 ] - [ 14.9539204, 151.185623, 20.4993954 ] ] [ [ -13.8047132, 100.93087, 19.1926537 ] - [ 13.8006878, 132.270096, 41.9805832 ] ] [ [ -14.998908, 100.525002, -11.9534693 ] - [ 14.9539204, 123.490433, 20.4993954 ] ] [ [ -12.444005, 120.935944, -7.54616642 ] - [ 12.4446774, 151.185623, 20.4008007 ] ] [ [ -12.929143, 100.93087, 19.1926537 ] - [ 12.8681278, 112.560173, 41.9805832 ] ] [ [ -13.8047132, 110.604065, 19.4455261 ] - [ 13.8006878, 132.270096, 31.0611115 ] ] [ [ -14.998908, 100.525002, -11.9534693 ] - [ 14.9539204, 123.490433, 7.91627502 ] ] [ [ -14.5627804, 101.080444, 5.59669113 ] - [ 14.4909439, 122.830521, 20.4993954 ] ] [ [ -12.444005, 120.935944, -7.54616642 ] - [ 12.4446774, 137.988998, 20.4008007 ] ] [ [ -9.45092869, 135.446548, -7.07868719 ] - [ 9.42200089, 151.185623, 16.6395454 ] ] [ [ -12.929143, 101.118317, 19.3510418 ] - [ 0.291100055, 112.462891, 41.9805832 ] ] [ [ -0.0130999908, 100.93087, 19.1926537 ] - [ 12.8681278, 112.560173, 41.9428596 ] ] [ [ -13.8047132, 110.604065, 19.4733543 ] - [ 0.264700025, 132.137878, 31.0611115 ] ] [ [ -0.352734447, 110.631454, 19.4455261 ] - [ 13.8006878, 132.270096, 30.9912949 ] ]
CHILD
INSTANCE
TREELET 5 768624
BOUNDS [ [ 23.1044292, 137.769073, -140.210709 ] - [ 75.9620819, 180.359085, -104.242599 ] ]
BVH BOUNDS  [ [ 23.1044292, 137.769073, -140.210709 ] - [ 75.9620819, 180.359085, -104.242599 ] ] [ [ 23.1044292, 137.769073, -140.210709 ] - [ 59.2178421, 180.359085, -104.242599 ] ] [ [ 58.5692062, 142.191605, -112.611145 ] - [ 75.9620819, 165.179565, -105.125496 ] ] [ [ 23.1124268, 137.769073, -140.185913 ] - [ 59.2178421, 163.15274, -104.242599 ] ] [ [ 23.1044292, 169.039948, -140.210709 ] - [ 36.445755, 180.359085, -104.283951 ] ] [ [ 65.437851, 142.191605, -112.57901 ] - [ 75.9620819, 151.550751, -105.125496 ] ] [ [ 58.5692062, 156.184982, -112.611145 ] - [ 67.7200165, 165.179565, -105.297295 ] ] [ [ 28.6492596, 138.285873, -140.185913 ] - [ 54.8979149, 160.140717, -130.921539 ] ] [ [ 23.1124268, 137.769073, -132.252228 ] - [ 59.2178421, 163.15274, -104.242599 ] ] [ [ 23.5258713, 169.039948, -140.210709 ] - [ 36.445755, 180.359085, -132.91275 ] ] [ [ 23.1044292, 169.432556, -111.106209 ] - [ 30.477314, 178.711884, -104.283951 ] ] [ [ 65.437851, 142.191605, -112.57901 ] - [ 71.0853577, 151.287704, -106.12925 ] ] [ [ 70.3761139, 142.519516, -112.133163 ] - [ 75.9620819, 151.550751, -105.125496 ] ] [ [ 58.5984344, 156.184982, -112.571869 ] - [ 67.0491028, 160.249893, -106.365112 ] ] [ [ 58.5692062, 159.673798, -112.611145 ] - [ 67.7200165, 165.179565, -105.297295 ] ]
CHILD
INSTANCE
TREELET 6 1764389
BOUNDS [ [ 75.317749, 140.752045, -93.2629623 ] - [ 102.656296, 176.32196, -49.0097084 ] ]
BVH BOUNDS  [ [ 75.317749, 140.752045, -93.2629623 ] - [ 102.656296, 176.32196, -49.0097084 ] ] [ [ 75.317749, 140.752045, -93.2629623 ] - [ 102.656296, 176.32196, -62.9464493 ] ] [ [ 75.7951126, 155.459213, -64.3063507 ] - [ 99.4447021, 173.981567, -49.0097084 ] ] [ [ 75.317749, 140.752045, -93.2629623 ] - [ 95.3601303, 165.028198, -62.9464493 ] ] [ [ 75.7487335, 164.247604, -80.9094086 ] - [ 102.656296, 176.32196, -63.2296906 ] ] [ [ 75.7951126, 155.459213, -64.3063507 ] - [ 86.2105255, 172.604614, -49.0097084 ] ] [ [ 85.2191849, 157.290878, -64.0032425 ] - [ 99.4447021, 173.981567, -51.889595 ] ] [ [ 75.317749, 140.752045, -93.2629623 ] - [ 83.8409424, 164.834106, -75.0865097 ] ] [ [ 75.8366241, 147.884323, -76.6504517 ] - [ 95.3601303, 165.028198, -62.9464493 ] ] [ [ 75.7487335, 164.256424, -80.9094086 ] - [ 89.8618011, 173.250092, -63.3024483 ] ] [ [ 88.7708282, 164.247604, -73.7730865 ] - [ 102.656296, 176.32196, -63.2296906 ] ] [ [ 75.7951126, 155.459213, -64.3063507 ] - [ 85.9206696, 164.275818, -49.0285721 ] ] [ [ 75.8963013, 163.724274, -63.9130821 ] - [ 86.2105255, 172.604614, -49.0097084 ] ] [ [ 85.2232513, 157.290878, -63.9459038 ] - [ 94.2176514, 165.798538, -51.889595 ] ] [ [ 85.2191849, 165.195435, -64.0032425 ] - [ 99.4447021, 173.981567, -54.8394852 ] ]
CHILD
INSTANCE
TREELET 7 2613878
BOUNDS [ [ 75.0362701, 96.1973495, -112.611145 ] - [ 127.656296, 133.020691, -49.0097084 ] ]
BVH BOUNDS  [ [ 75.0362701, 96.1973495, -112.611145 ] - [ 127.656296, 133.020691, -49.0097084 ] ] [ [ 75.0362701, 96.2860107, -112.611145 ] - [ 109.342072, 127.148254, -74.7174835 ] ] [ [ 75.0594788, 96.1973495, -76.6504517 ] - [ 127.656296, 133.020691, -49.0097084 ] ] [ [ 82.5731506, 98.8903351, -112.611145 ] - [ 100.962082, 121.878296, -99.522934 ] ] [ [ 75.0362701, 96.2860107, -100.863266 ] - [ 109.342072, 127.148254, -74.7174835 ] ] [ [ 75.0594788, 96.1973495, -76.6504517 ] - [ 106.679321, 127.643143, -49.0097084 ] ] [ [ 105.610283, 110.537415, -76.0461884 ] - [ 127.656296, 133.020691, -49.0285721 ] ] [ [ 90.437851, 98.8903351, -112.57901 ] - [ 100.962082, 108.249474, -99.522934 ] ] [ [ 82.5731506, 112.883705, -112.611145 ] - [ 92.7200165, 121.878296, -99.7324524 ] ] [ [ 75.0362701, 96.2860107, -100.863266 ] - [ 93.877037, 127.148254, -75.0816116 ] ] [ [ 91.4882126, 96.3405228, -100.772537 ] - [ 109.342072, 126.98642, -74.7174835 ] ] [ [ 75.0594788, 96.1973495, -76.6504517 ] - [ 106.396965, 120.414909, -54.0209236 ] ] [ [ 87.4545593, 119.339355, -76.3698044 ] - [ 106.679321, 127.643143, -49.0097084 ] ] [ [ 105.610283, 110.537415, -76.0461884 ] - [ 127.656296, 133.020691, -59.8369942 ] ] [ [ 105.693832, 113.296799, -60.4285355 ] - [ 119.45546, 129.326584, -49.0285721 ] ]
CHILD
INSTANCE
TREELET 8 1720708
BOUNDS [ [ 24.3535461, 229.757614, -80.4288483 ] - [ 52.6562996, 262.9245, -49.0097084 ] ]
BVH BOUNDS  [ [ 24.3535461, 229.757614, -80.4288483 ] - [ 52.6562996, 262.9245, -49.0097084 ] ] [ [ 24.47155, 229.757614, -80.4288483 ] - [ 43.5328445, 249.861008, -49.0285721 ] ] [ [ 24.3535461, 248.837952, -80.0870743 ] - [ 52.6562996, 262.9245, -49.0097084 ] ] [ [ 24.5162125, 229.757614, -80.4288483 ] - [ 43.5328445, 249.861008, -60.9736252 ] ] [ [ 24.47155, 242.476242, -62.2484627 ] - [ 43.2985382, 249.824982, -49.0285721 ] ] [ [ 24.3535461, 248.837952, -80.0870743 ] - [ 52.6562996, 262.9245, -61.3147964 ] ] [ [ 24.6140137, 248.988815, -62.137249 ] - [ 46.3471947, 259.230408, -49.0097084 ] ] [ [ 24.5162125, 229.757614, -80.4288483 ] - [ 38.6138725, 245.001221, -60.9736252 ] ] [ [ 30.0340919, 244.327148, -79.8827057 ] - [ 43.5328445, 249.861008, -61.5144272 ] ] [ [ 24.47155, 242.476242, -62.2484627 ] - [ 34.2110825, 249.824982, -49.8074493 ] ] [ [ 33.684166, 243.541702, -61.9104919 ] - [ 43.2985382, 249.535431, -49.0285721 ] ] [ [ 24.3535461, 248.837952, -80.0870743 ] - [ 39.1502495, 259.715637, -61.3737946 ] ] [ [ 37.8961449, 248.946808, -73.7827835 ] - [ 52.6562996, 262.9245, -61.3147964 ] ] [ [ 24.6140137, 248.988815, -62.137249 ] - [ 33.9925766, 258.437439, -49.0097084 ] ] [ [ 33.3282242, 249.046906, -62.0606651 ] - [ 46.3471947, 259.230408, -54.1147995 ] ]
CHILD
INSTANCE
TREELET 9 1851249
BOUNDS [ [ 23.5841026, 179.313889, -80.8652878 ] - [ 77.6562958, 219.62323, -49.0097084 ] ]
BVH BOUNDS  [ [ 23.5841026, 179.313889, -80.8652878 ] - [ 77.6562958, 219.62323, -49.0097084 ] ] [ [ 23.5841026, 179.313889, -80.8652878 ] - [ 55.887207, 214.000488, -49.0097084 ] ] [ [ 55.1939545, 193.620407, -80.4288483 ] - [ 77.6562958, 219.62323, -49.0285721 ] ] [ [ 23.5841026, 179.313889, -80.8652878 ] - [ 55.887207, 206.042786, -54.156868 ] ] [ [ 34.3216591, 204.961914, -80.0870743 ] - [ 55.7900772, 214.000488, -49.0097084 ] ] [ [ 55.2142029, 193.620407, -80.4288483 ] - [ 77.6562958, 219.62323, -61.3523254 ] ] [ [ 55.1939545, 199.174973, -62.2484627 ] - [ 71.9849701, 215.929123, -49.0285721 ] ] [ [ 23.5841026, 179.313889, -80.8652878 ] - [ 45.9784317, 206.042786, -63.1618195 ] ] [ [ 44.1375885, 186.438675, -79.8322144 ] - [ 55.887207, 205.722931, -54.156868 ] ] [ [ 34.3216591, 204.961914, -80.0870743 ] - [ 55.7900772, 214.000488, -61.3737946 ] ] [ [ 49.5851517, 205.03186, -62.137249 ] - [ 55.7148132, 213.000824, -49.0097084 ] ] [ [ 55.2142029, 193.620407, -80.4288483 ] - [ 71.7988434, 209.321075, -61.3523254 ] ] [ [ 55.2358475, 208.482925, -74.7901535 ] - [ 77.6562958, 219.62323, -61.3746452 ] ] [ [ 55.1939545, 199.174973, -62.2484627 ] - [ 68.3147964, 206.491608, -49.0285721 ] ] [ [ 55.3571091, 205.938873, -62.0844498 ] - [ 71.9849701, 215.929123, -49.0650711 ] ]
CHILD
INSTANCE
